(kicad_pcb (version 20171130) (host pcbnew "(5.1.4-0-10_14)")

  (general
    (thickness 1.6)
    (drawings 95)
    (tracks 0)
    (zones 0)
    (modules 69)
    (nets 1)
  )

  (page A3)
  (layers
    (0 F.Cu signal)
    (31 B.Cu signal)
    (32 B.Adhes user)
    (33 F.Adhes user)
    (34 B.Paste user)
    (35 F.Paste user)
    (36 B.SilkS user)
    (37 F.SilkS user)
    (38 B.Mask user)
    (39 F.Mask user)
    (40 Dwgs.User user)
    (41 Cmts.User user)
    (42 Eco1.User user)
    (43 Eco2.User user)
    (44 Edge.Cuts user)
    (45 Margin user)
    (46 B.CrtYd user)
    (47 F.CrtYd user)
    (48 B.Fab user)
    (49 F.Fab user)
  )

  (setup
    (last_trace_width 0.25)
    (trace_clearance 0.2)
    (zone_clearance 0.508)
    (zone_45_only yes)
    (trace_min 0.2)
    (via_size 0.8)
    (via_drill 0.4)
    (via_min_size 0.4)
    (via_min_drill 0.3)
    (uvia_size 0.3)
    (uvia_drill 0.1)
    (uvias_allowed no)
    (uvia_min_size 0.2)
    (uvia_min_drill 0.1)
    (edge_width 0.05)
    (segment_width 0.2)
    (pcb_text_width 0.3)
    (pcb_text_size 1.5 1.5)
    (mod_edge_width 0.12)
    (mod_text_size 1 1)
    (mod_text_width 0.15)
    (pad_size 1.7 1.7)
    (pad_drill 0.9)
    (pad_to_mask_clearance 0.051)
    (solder_mask_min_width 0.25)
    (aux_axis_origin 25.148 18.3055)
    (grid_origin 391.1925 18.45)
    (visible_elements FFFFFF7F)
    (pcbplotparams
      (layerselection 0x014fc_ffffffff)
      (usegerberextensions false)
      (usegerberattributes false)
      (usegerberadvancedattributes false)
      (creategerberjobfile false)
      (excludeedgelayer true)
      (linewidth 0.100000)
      (plotframeref false)
      (viasonmask false)
      (mode 1)
      (useauxorigin false)
      (hpglpennumber 1)
      (hpglpenspeed 20)
      (hpglpendiameter 15.000000)
      (psnegative false)
      (psa4output false)
      (plotreference true)
      (plotvalue true)
      (plotinvisibletext false)
      (padsonsilk false)
      (subtractmaskfromsilk false)
      (outputformat 3)
      (mirror false)
      (drillshape 0)
      (scaleselection 1)
      (outputdirectory "plate2-2/"))
  )

  (net 0 "")

  (net_class Default "これはデフォルトのネット クラスです。"
    (clearance 0.2)
    (trace_width 0.25)
    (via_dia 0.8)
    (via_drill 0.4)
    (uvia_dia 0.3)
    (uvia_drill 0.1)
  )

  (net_class power ""
    (clearance 0.2)
    (trace_width 0.381)
    (via_dia 0.8)
    (via_drill 0.4)
    (uvia_dia 0.3)
    (uvia_drill 0.1)
  )

  (module miyajima:dobrock-platehole-mx-2u-stab (layer F.Cu) (tedit 5F8A9C36) (tstamp 5F8AF05A)
    (at 274.794975 99.808939 15)
    (fp_text reference REF** (at 0 0.5 15) (layer F.SilkS)
      (effects (font (size 1 1) (thickness 0.15)))
    )
    (fp_text value dobrock-platehole-mx-2u-stab (at 0 -1.7 15) (layer F.Fab)
      (effects (font (size 1 1) (thickness 0.15)))
    )
    (fp_text user "w31.8, h20.3" (at -0.1 -5.35 15) (layer Eco2.User)
      (effects (font (size 1 1) (thickness 0.15)))
    )
    (fp_line (start -15.6 -11) (end 15.6 -11) (layer Eco1.User) (width 0.12))
    (fp_line (start -15.9 -10.7) (end -15.9 9) (layer Eco1.User) (width 0.12))
    (fp_line (start -7 7.6) (end -7 9) (layer Eco1.User) (width 0.12))
    (fp_line (start -7.3 9.3) (end -15.6 9.3) (layer Eco1.User) (width 0.12))
    (fp_line (start 15.9 -10.7) (end 15.9 9) (layer Eco1.User) (width 0.12))
    (fp_line (start 7 7.6) (end 7 9) (layer Eco1.User) (width 0.12))
    (fp_line (start 7.3 9.3) (end 15.6 9.3) (layer Eco1.User) (width 0.12))
    (fp_arc (start -15.6 -10.7) (end -15.6 -11) (angle -90) (layer Eco1.User) (width 0.12))
    (fp_arc (start 15.6 -10.7) (end 15.9 -10.7) (angle -90) (layer Eco1.User) (width 0.12))
    (fp_arc (start 15.6 9) (end 15.6 9.3) (angle -90) (layer Eco1.User) (width 0.12))
    (fp_arc (start 7.3 9) (end 7 9) (angle -90) (layer Eco1.User) (width 0.12))
    (fp_arc (start -15.6 9) (end -15.9 9) (angle -90) (layer Eco1.User) (width 0.12))
    (fp_arc (start -7.3 9) (end -7.3 9.3) (angle -90) (layer Eco1.User) (width 0.12))
    (fp_line (start -6.7 7.3) (end 6.7 7.3) (layer Eco1.User) (width 0.12))
    (fp_arc (start -6.7 7.6) (end -6.7 7.3) (angle -90) (layer Eco1.User) (width 0.12))
    (fp_arc (start 6.7 7.6) (end 7 7.6) (angle -90) (layer Eco1.User) (width 0.12))
  )

  (module miyajima:dobrock-platehole-mx-2u-stab (layer F.Cu) (tedit 5F8A9C36) (tstamp 5F8AF044)
    (at 373.76375 69.55)
    (fp_text reference REF** (at 0 0.5) (layer F.SilkS)
      (effects (font (size 1 1) (thickness 0.15)))
    )
    (fp_text value dobrock-platehole-mx-2u-stab (at 0 -1.7) (layer F.Fab)
      (effects (font (size 1 1) (thickness 0.15)))
    )
    (fp_arc (start 6.7 7.6) (end 7 7.6) (angle -90) (layer Eco1.User) (width 0.12))
    (fp_arc (start -6.7 7.6) (end -6.7 7.3) (angle -90) (layer Eco1.User) (width 0.12))
    (fp_line (start -6.7 7.3) (end 6.7 7.3) (layer Eco1.User) (width 0.12))
    (fp_arc (start -7.3 9) (end -7.3 9.3) (angle -90) (layer Eco1.User) (width 0.12))
    (fp_arc (start -15.6 9) (end -15.9 9) (angle -90) (layer Eco1.User) (width 0.12))
    (fp_arc (start 7.3 9) (end 7 9) (angle -90) (layer Eco1.User) (width 0.12))
    (fp_arc (start 15.6 9) (end 15.6 9.3) (angle -90) (layer Eco1.User) (width 0.12))
    (fp_arc (start 15.6 -10.7) (end 15.9 -10.7) (angle -90) (layer Eco1.User) (width 0.12))
    (fp_arc (start -15.6 -10.7) (end -15.6 -11) (angle -90) (layer Eco1.User) (width 0.12))
    (fp_line (start 7.3 9.3) (end 15.6 9.3) (layer Eco1.User) (width 0.12))
    (fp_line (start 7 7.6) (end 7 9) (layer Eco1.User) (width 0.12))
    (fp_line (start 15.9 -10.7) (end 15.9 9) (layer Eco1.User) (width 0.12))
    (fp_line (start -7.3 9.3) (end -15.6 9.3) (layer Eco1.User) (width 0.12))
    (fp_line (start -7 7.6) (end -7 9) (layer Eco1.User) (width 0.12))
    (fp_line (start -15.9 -10.7) (end -15.9 9) (layer Eco1.User) (width 0.12))
    (fp_line (start -15.6 -11) (end 15.6 -11) (layer Eco1.User) (width 0.12))
    (fp_text user "w31.8, h20.3" (at -0.1 -5.35) (layer Eco2.User)
      (effects (font (size 1 1) (thickness 0.15)))
    )
  )

  (module miyajima:dobrock-platehole-mx-2u-stab (layer F.Cu) (tedit 5F8A9C36) (tstamp 5F8AEEE0)
    (at 141.714263 99.655692 345)
    (fp_text reference REF** (at 0 0.5 165) (layer F.SilkS)
      (effects (font (size 1 1) (thickness 0.15)))
    )
    (fp_text value dobrock-platehole-mx-2u-stab (at 0 -1.7 165) (layer F.Fab)
      (effects (font (size 1 1) (thickness 0.15)))
    )
    (fp_arc (start 6.7 7.6) (end 7 7.6) (angle -90) (layer Eco1.User) (width 0.12))
    (fp_arc (start -6.7 7.6) (end -6.7 7.3) (angle -90) (layer Eco1.User) (width 0.12))
    (fp_line (start -6.7 7.3) (end 6.7 7.3) (layer Eco1.User) (width 0.12))
    (fp_arc (start -7.3 9) (end -7.3 9.3) (angle -90) (layer Eco1.User) (width 0.12))
    (fp_arc (start -15.6 9) (end -15.9 9) (angle -90) (layer Eco1.User) (width 0.12))
    (fp_arc (start 7.3 9) (end 7 9) (angle -90) (layer Eco1.User) (width 0.12))
    (fp_arc (start 15.6 9) (end 15.6 9.3) (angle -90) (layer Eco1.User) (width 0.12))
    (fp_arc (start 15.6 -10.7) (end 15.9 -10.7) (angle -90) (layer Eco1.User) (width 0.12))
    (fp_arc (start -15.6 -10.7) (end -15.6 -11) (angle -90) (layer Eco1.User) (width 0.12))
    (fp_line (start 7.3 9.3) (end 15.6 9.3) (layer Eco1.User) (width 0.12))
    (fp_line (start 7 7.6) (end 7 9) (layer Eco1.User) (width 0.12))
    (fp_line (start 15.9 -10.7) (end 15.9 9) (layer Eco1.User) (width 0.12))
    (fp_line (start -7.3 9.3) (end -15.6 9.3) (layer Eco1.User) (width 0.12))
    (fp_line (start -7 7.6) (end -7 9) (layer Eco1.User) (width 0.12))
    (fp_line (start -15.9 -10.7) (end -15.9 9) (layer Eco1.User) (width 0.12))
    (fp_line (start -15.6 -11) (end 15.6 -11) (layer Eco1.User) (width 0.12))
    (fp_text user "w31.8, h20.3" (at -0.1 -5.35 165) (layer Eco2.User)
      (effects (font (size 1 1) (thickness 0.15)))
    )
  )

  (module miyajima:dobrock-platehole-mx-2u-stab (layer F.Cu) (tedit 5F8A9C36) (tstamp 5F8AEE53)
    (at 64.52425 69.5455)
    (fp_text reference REF** (at 0 0.5) (layer F.SilkS)
      (effects (font (size 1 1) (thickness 0.15)))
    )
    (fp_text value dobrock-platehole-mx-2u-stab (at 0 -1.7) (layer F.Fab)
      (effects (font (size 1 1) (thickness 0.15)))
    )
    (fp_arc (start 6.7 7.6) (end 7 7.6) (angle -90) (layer Eco1.User) (width 0.12))
    (fp_arc (start -6.7 7.6) (end -6.7 7.3) (angle -90) (layer Eco1.User) (width 0.12))
    (fp_line (start -6.7 7.3) (end 6.7 7.3) (layer Eco1.User) (width 0.12))
    (fp_arc (start -7.3 9) (end -7.3 9.3) (angle -90) (layer Eco1.User) (width 0.12))
    (fp_arc (start -15.6 9) (end -15.9 9) (angle -90) (layer Eco1.User) (width 0.12))
    (fp_arc (start 7.3 9) (end 7 9) (angle -90) (layer Eco1.User) (width 0.12))
    (fp_arc (start 15.6 9) (end 15.6 9.3) (angle -90) (layer Eco1.User) (width 0.12))
    (fp_arc (start 15.6 -10.7) (end 15.9 -10.7) (angle -90) (layer Eco1.User) (width 0.12))
    (fp_arc (start -15.6 -10.7) (end -15.6 -11) (angle -90) (layer Eco1.User) (width 0.12))
    (fp_line (start 7.3 9.3) (end 15.6 9.3) (layer Eco1.User) (width 0.12))
    (fp_line (start 7 7.6) (end 7 9) (layer Eco1.User) (width 0.12))
    (fp_line (start 15.9 -10.7) (end 15.9 9) (layer Eco1.User) (width 0.12))
    (fp_line (start -7.3 9.3) (end -15.6 9.3) (layer Eco1.User) (width 0.12))
    (fp_line (start -7 7.6) (end -7 9) (layer Eco1.User) (width 0.12))
    (fp_line (start -15.9 -10.7) (end -15.9 9) (layer Eco1.User) (width 0.12))
    (fp_line (start -15.6 -11) (end 15.6 -11) (layer Eco1.User) (width 0.12))
    (fp_text user "w31.8, h20.3" (at -0.1 -5.35) (layer Eco2.User)
      (effects (font (size 1 1) (thickness 0.15)))
    )
  )

  (module miyajima:dobrock-platehole-choc-1u (layer F.Cu) (tedit 5F846483) (tstamp 5F8A2B33)
    (at 318.061768 108.525361 15)
    (fp_text reference REF** (at 0 0.5 15) (layer F.SilkS)
      (effects (font (size 1 1) (thickness 0.15)))
    )
    (fp_text value dobrock-platehole-choc-1u (at 0 -0.5 15) (layer F.Fab)
      (effects (font (size 1 1) (thickness 0.15)))
    )
    (fp_text user "w14, h14" (at -0.1 -5.35 15) (layer Eco2.User)
      (effects (font (size 1 1) (thickness 0.15)))
    )
    (fp_arc (start 6.7 -6.7) (end 7 -6.7) (angle -90) (layer Eco1.User) (width 0.12))
    (fp_arc (start 6.7 6.7) (end 6.7 7) (angle -90) (layer Eco1.User) (width 0.12))
    (fp_arc (start -6.7 6.7) (end -7 6.7) (angle -90) (layer Eco1.User) (width 0.12))
    (fp_arc (start -6.7 -6.7) (end -6.7 -7) (angle -90) (layer Eco1.User) (width 0.12))
    (fp_line (start -7 6.7) (end -7 -6.7) (layer Eco1.User) (width 0.12))
    (fp_line (start 6.7 7) (end -6.7 7) (layer Eco1.User) (width 0.12))
    (fp_line (start 7 -6.7) (end 7 6.7) (layer Eco1.User) (width 0.12))
    (fp_line (start -6.7 -7) (end 6.7 -7) (layer Eco1.User) (width 0.12))
  )

  (module miyajima:dobrock-platehole-choc-1u (layer F.Cu) (tedit 5F846483) (tstamp 5F8A2B1B)
    (at 299.659448 113.459321 15)
    (fp_text reference REF** (at 0 0.5 15) (layer F.SilkS)
      (effects (font (size 1 1) (thickness 0.15)))
    )
    (fp_text value dobrock-platehole-choc-1u (at 0 -0.5 15) (layer F.Fab)
      (effects (font (size 1 1) (thickness 0.15)))
    )
    (fp_line (start -6.7 -7) (end 6.7 -7) (layer Eco1.User) (width 0.12))
    (fp_line (start 7 -6.7) (end 7 6.7) (layer Eco1.User) (width 0.12))
    (fp_line (start 6.7 7) (end -6.7 7) (layer Eco1.User) (width 0.12))
    (fp_line (start -7 6.7) (end -7 -6.7) (layer Eco1.User) (width 0.12))
    (fp_arc (start -6.7 -6.7) (end -6.7 -7) (angle -90) (layer Eco1.User) (width 0.12))
    (fp_arc (start -6.7 6.7) (end -7 6.7) (angle -90) (layer Eco1.User) (width 0.12))
    (fp_arc (start 6.7 6.7) (end 6.7 7) (angle -90) (layer Eco1.User) (width 0.12))
    (fp_arc (start 6.7 -6.7) (end 7 -6.7) (angle -90) (layer Eco1.User) (width 0.12))
    (fp_text user "w14, h14" (at -0.1 -5.35 15) (layer Eco2.User)
      (effects (font (size 1 1) (thickness 0.15)))
    )
  )

  (module miyajima:dobrock-platehole-choc-1u (layer F.Cu) (tedit 5F846483) (tstamp 5F8A2B03)
    (at 281.257128 118.393281 15)
    (fp_text reference REF** (at 0 0.5 15) (layer F.SilkS)
      (effects (font (size 1 1) (thickness 0.15)))
    )
    (fp_text value dobrock-platehole-choc-1u (at 0 -0.5 15) (layer F.Fab)
      (effects (font (size 1 1) (thickness 0.15)))
    )
    (fp_text user "w14, h14" (at -0.1 -5.35 15) (layer Eco2.User)
      (effects (font (size 1 1) (thickness 0.15)))
    )
    (fp_arc (start 6.7 -6.7) (end 7 -6.7) (angle -90) (layer Eco1.User) (width 0.12))
    (fp_arc (start 6.7 6.7) (end 6.7 7) (angle -90) (layer Eco1.User) (width 0.12))
    (fp_arc (start -6.7 6.7) (end -7 6.7) (angle -90) (layer Eco1.User) (width 0.12))
    (fp_arc (start -6.7 -6.7) (end -6.7 -7) (angle -90) (layer Eco1.User) (width 0.12))
    (fp_line (start -7 6.7) (end -7 -6.7) (layer Eco1.User) (width 0.12))
    (fp_line (start 6.7 7) (end -6.7 7) (layer Eco1.User) (width 0.12))
    (fp_line (start 7 -6.7) (end 7 6.7) (layer Eco1.User) (width 0.12))
    (fp_line (start -6.7 -7) (end 6.7 -7) (layer Eco1.User) (width 0.12))
  )

  (module miyajima:dobrock-platehole-choc-1u (layer F.Cu) (tedit 5F846483) (tstamp 5F8A2A8C)
    (at 134.331994 117.993316 345)
    (fp_text reference REF** (at 0 0.5 165) (layer F.SilkS)
      (effects (font (size 1 1) (thickness 0.15)))
    )
    (fp_text value dobrock-platehole-choc-1u (at 0 -0.5 165) (layer F.Fab)
      (effects (font (size 1 1) (thickness 0.15)))
    )
    (fp_text user "w14, h14" (at -0.1 -5.35 165) (layer Eco2.User)
      (effects (font (size 1 1) (thickness 0.15)))
    )
    (fp_arc (start 6.7 -6.7) (end 7 -6.7) (angle -90) (layer Eco1.User) (width 0.12))
    (fp_arc (start 6.7 6.7) (end 6.7 7) (angle -90) (layer Eco1.User) (width 0.12))
    (fp_arc (start -6.7 6.7) (end -7 6.7) (angle -90) (layer Eco1.User) (width 0.12))
    (fp_arc (start -6.7 -6.7) (end -6.7 -7) (angle -90) (layer Eco1.User) (width 0.12))
    (fp_line (start -7 6.7) (end -7 -6.7) (layer Eco1.User) (width 0.12))
    (fp_line (start 6.7 7) (end -6.7 7) (layer Eco1.User) (width 0.12))
    (fp_line (start 7 -6.7) (end 7 6.7) (layer Eco1.User) (width 0.12))
    (fp_line (start -6.7 -7) (end 6.7 -7) (layer Eco1.User) (width 0.12))
  )

  (module miyajima:dobrock-platehole-choc-1u (layer F.Cu) (tedit 5F846483) (tstamp 5F8A2A74)
    (at 115.929674 113.059356 345)
    (fp_text reference REF** (at 0 0.5 165) (layer F.SilkS)
      (effects (font (size 1 1) (thickness 0.15)))
    )
    (fp_text value dobrock-platehole-choc-1u (at 0 -0.5 165) (layer F.Fab)
      (effects (font (size 1 1) (thickness 0.15)))
    )
    (fp_line (start -6.7 -7) (end 6.7 -7) (layer Eco1.User) (width 0.12))
    (fp_line (start 7 -6.7) (end 7 6.7) (layer Eco1.User) (width 0.12))
    (fp_line (start 6.7 7) (end -6.7 7) (layer Eco1.User) (width 0.12))
    (fp_line (start -7 6.7) (end -7 -6.7) (layer Eco1.User) (width 0.12))
    (fp_arc (start -6.7 -6.7) (end -6.7 -7) (angle -90) (layer Eco1.User) (width 0.12))
    (fp_arc (start -6.7 6.7) (end -7 6.7) (angle -90) (layer Eco1.User) (width 0.12))
    (fp_arc (start 6.7 6.7) (end 6.7 7) (angle -90) (layer Eco1.User) (width 0.12))
    (fp_arc (start 6.7 -6.7) (end 7 -6.7) (angle -90) (layer Eco1.User) (width 0.12))
    (fp_text user "w14, h14" (at -0.1 -5.35 165) (layer Eco2.User)
      (effects (font (size 1 1) (thickness 0.15)))
    )
  )

  (module miyajima:dobrock-platehole-choc-1u (layer F.Cu) (tedit 5F846483) (tstamp 5F8A2A5C)
    (at 97.527354 108.125396 345)
    (fp_text reference REF** (at 0 0.5 165) (layer F.SilkS)
      (effects (font (size 1 1) (thickness 0.15)))
    )
    (fp_text value dobrock-platehole-choc-1u (at 0 -0.5 165) (layer F.Fab)
      (effects (font (size 1 1) (thickness 0.15)))
    )
    (fp_text user "w14, h14" (at -0.1 -5.35 165) (layer Eco2.User)
      (effects (font (size 1 1) (thickness 0.15)))
    )
    (fp_arc (start 6.7 -6.7) (end 7 -6.7) (angle -90) (layer Eco1.User) (width 0.12))
    (fp_arc (start 6.7 6.7) (end 6.7 7) (angle -90) (layer Eco1.User) (width 0.12))
    (fp_arc (start -6.7 6.7) (end -7 6.7) (angle -90) (layer Eco1.User) (width 0.12))
    (fp_arc (start -6.7 -6.7) (end -6.7 -7) (angle -90) (layer Eco1.User) (width 0.12))
    (fp_line (start -7 6.7) (end -7 -6.7) (layer Eco1.User) (width 0.12))
    (fp_line (start 6.7 7) (end -6.7 7) (layer Eco1.User) (width 0.12))
    (fp_line (start 7 -6.7) (end 7 6.7) (layer Eco1.User) (width 0.12))
    (fp_line (start -6.7 -7) (end 6.7 -7) (layer Eco1.User) (width 0.12))
  )

  (module miyajima:dobrock-platehole-mx-1u (layer F.Cu) (tedit 5F84601E) (tstamp 5F8A247F)
    (at 152.734314 122.927276 345)
    (fp_text reference u (at 0 0.5 165) (layer F.SilkS)
      (effects (font (size 1 1) (thickness 0.15)))
    )
    (fp_text value dobrock-platehole-mx-1u (at 0 -0.5 165) (layer F.Fab)
      (effects (font (size 1 1) (thickness 0.15)))
    )
    (fp_line (start -6.7 -7.25) (end 6.7 -7.25) (layer Eco1.User) (width 0.12))
    (fp_line (start 7 -6.95) (end 7 6.95) (layer Eco1.User) (width 0.12))
    (fp_line (start 6.7 7.25) (end -6.7 7.25) (layer Eco1.User) (width 0.12))
    (fp_line (start -7 6.95) (end -7 -6.95) (layer Eco1.User) (width 0.12))
    (fp_arc (start -6.7 -6.95) (end -6.7 -7.25) (angle -90) (layer Eco1.User) (width 0.12))
    (fp_arc (start -6.7 6.95) (end -7 6.95) (angle -90) (layer Eco1.User) (width 0.12))
    (fp_arc (start 6.7 6.95) (end 6.7 7.25) (angle -90) (layer Eco1.User) (width 0.12))
    (fp_arc (start 6.7 -6.95) (end 7 -6.95) (angle -90) (layer Eco1.User) (width 0.12))
    (fp_text user "w14, h14.5" (at -0.1 -5.35 165) (layer Eco2.User)
      (effects (font (size 1 1) (thickness 0.15)))
    )
  )

  (module miyajima:dobrock-platehole-mx-1u (layer F.Cu) (tedit 5F84601E) (tstamp 5F8A2467)
    (at 109.362184 91.573331 345)
    (fp_text reference u (at 0 0.5 165) (layer F.SilkS)
      (effects (font (size 1 1) (thickness 0.15)))
    )
    (fp_text value dobrock-platehole-mx-1u (at 0 -0.5 165) (layer F.Fab)
      (effects (font (size 1 1) (thickness 0.15)))
    )
    (fp_text user "w14, h14.5" (at -0.1 -5.35 165) (layer Eco2.User)
      (effects (font (size 1 1) (thickness 0.15)))
    )
    (fp_arc (start 6.7 -6.95) (end 7 -6.95) (angle -90) (layer Eco1.User) (width 0.12))
    (fp_arc (start 6.7 6.95) (end 6.7 7.25) (angle -90) (layer Eco1.User) (width 0.12))
    (fp_arc (start -6.7 6.95) (end -7 6.95) (angle -90) (layer Eco1.User) (width 0.12))
    (fp_arc (start -6.7 -6.95) (end -6.7 -7.25) (angle -90) (layer Eco1.User) (width 0.12))
    (fp_line (start -7 6.95) (end -7 -6.95) (layer Eco1.User) (width 0.12))
    (fp_line (start 6.7 7.25) (end -6.7 7.25) (layer Eco1.User) (width 0.12))
    (fp_line (start 7 -6.95) (end 7 6.95) (layer Eco1.User) (width 0.12))
    (fp_line (start -6.7 -7.25) (end 6.7 -7.25) (layer Eco1.User) (width 0.12))
  )

  (module miyajima:dobrock-platehole-mx-1u (layer F.Cu) (tedit 5F84601E) (tstamp 5F8A2437)
    (at 171.618033 107.673377 345)
    (fp_text reference u (at 0 0.5 165) (layer F.SilkS)
      (effects (font (size 1 1) (thickness 0.15)))
    )
    (fp_text value dobrock-platehole-mx-1u (at 0 -0.5 165) (layer F.Fab)
      (effects (font (size 1 1) (thickness 0.15)))
    )
    (fp_text user "w14, h14.5" (at -0.1 -5.35 165) (layer Eco2.User)
      (effects (font (size 1 1) (thickness 0.15)))
    )
    (fp_arc (start 6.7 -6.95) (end 7 -6.95) (angle -90) (layer Eco1.User) (width 0.12))
    (fp_arc (start 6.7 6.95) (end 6.7 7.25) (angle -90) (layer Eco1.User) (width 0.12))
    (fp_arc (start -6.7 6.95) (end -7 6.95) (angle -90) (layer Eco1.User) (width 0.12))
    (fp_arc (start -6.7 -6.95) (end -6.7 -7.25) (angle -90) (layer Eco1.User) (width 0.12))
    (fp_line (start -7 6.95) (end -7 -6.95) (layer Eco1.User) (width 0.12))
    (fp_line (start 6.7 7.25) (end -6.7 7.25) (layer Eco1.User) (width 0.12))
    (fp_line (start 7 -6.95) (end 7 6.95) (layer Eco1.User) (width 0.12))
    (fp_line (start -6.7 -7.25) (end 6.7 -7.25) (layer Eco1.User) (width 0.12))
  )

  (module miyajima:dobrock-platehole-mx-1u (layer F.Cu) (tedit 5F84601E) (tstamp 5F8A241F)
    (at 172.050043 87.669523 345)
    (fp_text reference u (at 0 0.5 165) (layer F.SilkS)
      (effects (font (size 1 1) (thickness 0.15)))
    )
    (fp_text value dobrock-platehole-mx-1u (at 0 -0.5 165) (layer F.Fab)
      (effects (font (size 1 1) (thickness 0.15)))
    )
    (fp_line (start -6.7 -7.25) (end 6.7 -7.25) (layer Eco1.User) (width 0.12))
    (fp_line (start 7 -6.95) (end 7 6.95) (layer Eco1.User) (width 0.12))
    (fp_line (start 6.7 7.25) (end -6.7 7.25) (layer Eco1.User) (width 0.12))
    (fp_line (start -7 6.95) (end -7 -6.95) (layer Eco1.User) (width 0.12))
    (fp_arc (start -6.7 -6.95) (end -6.7 -7.25) (angle -90) (layer Eco1.User) (width 0.12))
    (fp_arc (start -6.7 6.95) (end -7 6.95) (angle -90) (layer Eco1.User) (width 0.12))
    (fp_arc (start 6.7 6.95) (end 6.7 7.25) (angle -90) (layer Eco1.User) (width 0.12))
    (fp_arc (start 6.7 -6.95) (end 7 -6.95) (angle -90) (layer Eco1.User) (width 0.12))
    (fp_text user "w14, h14.5" (at -0.1 -5.35 165) (layer Eco2.User)
      (effects (font (size 1 1) (thickness 0.15)))
    )
  )

  (module miyajima:dobrock-platehole-mx-1u (layer F.Cu) (tedit 5F84601E) (tstamp 5F8A2407)
    (at 153.647743 82.735571 345)
    (fp_text reference u (at 0 0.5 165) (layer F.SilkS)
      (effects (font (size 1 1) (thickness 0.15)))
    )
    (fp_text value dobrock-platehole-mx-1u (at 0 -0.5 165) (layer F.Fab)
      (effects (font (size 1 1) (thickness 0.15)))
    )
    (fp_text user "w14, h14.5" (at -0.1 -5.35 165) (layer Eco2.User)
      (effects (font (size 1 1) (thickness 0.15)))
    )
    (fp_arc (start 6.7 -6.95) (end 7 -6.95) (angle -90) (layer Eco1.User) (width 0.12))
    (fp_arc (start 6.7 6.95) (end 6.7 7.25) (angle -90) (layer Eco1.User) (width 0.12))
    (fp_arc (start -6.7 6.95) (end -7 6.95) (angle -90) (layer Eco1.User) (width 0.12))
    (fp_arc (start -6.7 -6.95) (end -6.7 -7.25) (angle -90) (layer Eco1.User) (width 0.12))
    (fp_line (start -7 6.95) (end -7 -6.95) (layer Eco1.User) (width 0.12))
    (fp_line (start 6.7 7.25) (end -6.7 7.25) (layer Eco1.User) (width 0.12))
    (fp_line (start 7 -6.95) (end 7 6.95) (layer Eco1.User) (width 0.12))
    (fp_line (start -6.7 -7.25) (end 6.7 -7.25) (layer Eco1.User) (width 0.12))
  )

  (module miyajima:dobrock-platehole-mx-1u (layer F.Cu) (tedit 5F84601E) (tstamp 5F8A23EF)
    (at 135.245443 77.801619 345)
    (fp_text reference u (at 0 0.5 165) (layer F.SilkS)
      (effects (font (size 1 1) (thickness 0.15)))
    )
    (fp_text value dobrock-platehole-mx-1u (at 0 -0.5 165) (layer F.Fab)
      (effects (font (size 1 1) (thickness 0.15)))
    )
    (fp_line (start -6.7 -7.25) (end 6.7 -7.25) (layer Eco1.User) (width 0.12))
    (fp_line (start 7 -6.95) (end 7 6.95) (layer Eco1.User) (width 0.12))
    (fp_line (start 6.7 7.25) (end -6.7 7.25) (layer Eco1.User) (width 0.12))
    (fp_line (start -7 6.95) (end -7 -6.95) (layer Eco1.User) (width 0.12))
    (fp_arc (start -6.7 -6.95) (end -6.7 -7.25) (angle -90) (layer Eco1.User) (width 0.12))
    (fp_arc (start -6.7 6.95) (end -7 6.95) (angle -90) (layer Eco1.User) (width 0.12))
    (fp_arc (start 6.7 6.95) (end 6.7 7.25) (angle -90) (layer Eco1.User) (width 0.12))
    (fp_arc (start 6.7 -6.95) (end 7 -6.95) (angle -90) (layer Eco1.User) (width 0.12))
    (fp_text user "w14, h14.5" (at -0.1 -5.35 165) (layer Eco2.User)
      (effects (font (size 1 1) (thickness 0.15)))
    )
  )

  (module miyajima:dobrock-platehole-mx-1u (layer F.Cu) (tedit 5F84601E) (tstamp 5F8A23D7)
    (at 116.843143 72.867667 345)
    (fp_text reference u (at 0 0.5 165) (layer F.SilkS)
      (effects (font (size 1 1) (thickness 0.15)))
    )
    (fp_text value dobrock-platehole-mx-1u (at 0 -0.5 165) (layer F.Fab)
      (effects (font (size 1 1) (thickness 0.15)))
    )
    (fp_text user "w14, h14.5" (at -0.1 -5.35 165) (layer Eco2.User)
      (effects (font (size 1 1) (thickness 0.15)))
    )
    (fp_arc (start 6.7 -6.95) (end 7 -6.95) (angle -90) (layer Eco1.User) (width 0.12))
    (fp_arc (start 6.7 6.95) (end 6.7 7.25) (angle -90) (layer Eco1.User) (width 0.12))
    (fp_arc (start -6.7 6.95) (end -7 6.95) (angle -90) (layer Eco1.User) (width 0.12))
    (fp_arc (start -6.7 -6.95) (end -6.7 -7.25) (angle -90) (layer Eco1.User) (width 0.12))
    (fp_line (start -7 6.95) (end -7 -6.95) (layer Eco1.User) (width 0.12))
    (fp_line (start 6.7 7.25) (end -6.7 7.25) (layer Eco1.User) (width 0.12))
    (fp_line (start 7 -6.95) (end 7 6.95) (layer Eco1.User) (width 0.12))
    (fp_line (start -6.7 -7.25) (end 6.7 -7.25) (layer Eco1.User) (width 0.12))
  )

  (module miyajima:dobrock-platehole-mx-1u (layer F.Cu) (tedit 5F84601E) (tstamp 5F8A2385)
    (at 112.575938 51.998389 345)
    (fp_text reference u (at 0 0.5 165) (layer F.SilkS)
      (effects (font (size 1 1) (thickness 0.15)))
    )
    (fp_text value dobrock-platehole-mx-1u (at 0 -0.5 165) (layer F.Fab)
      (effects (font (size 1 1) (thickness 0.15)))
    )
    (fp_text user "w14, h14.5" (at -0.1 -5.35 165) (layer Eco2.User)
      (effects (font (size 1 1) (thickness 0.15)))
    )
    (fp_arc (start 6.7 -6.95) (end 7 -6.95) (angle -90) (layer Eco1.User) (width 0.12))
    (fp_arc (start 6.7 6.95) (end 6.7 7.25) (angle -90) (layer Eco1.User) (width 0.12))
    (fp_arc (start -6.7 6.95) (end -7 6.95) (angle -90) (layer Eco1.User) (width 0.12))
    (fp_arc (start -6.7 -6.95) (end -6.7 -7.25) (angle -90) (layer Eco1.User) (width 0.12))
    (fp_line (start -7 6.95) (end -7 -6.95) (layer Eco1.User) (width 0.12))
    (fp_line (start 6.7 7.25) (end -6.7 7.25) (layer Eco1.User) (width 0.12))
    (fp_line (start 7 -6.95) (end 7 6.95) (layer Eco1.User) (width 0.12))
    (fp_line (start -6.7 -7.25) (end 6.7 -7.25) (layer Eco1.User) (width 0.12))
  )

  (module miyajima:dobrock-platehole-mx-1u (layer F.Cu) (tedit 5F84601E) (tstamp 5F8A236D)
    (at 130.978258 56.932349 345)
    (fp_text reference u (at 0 0.5 165) (layer F.SilkS)
      (effects (font (size 1 1) (thickness 0.15)))
    )
    (fp_text value dobrock-platehole-mx-1u (at 0 -0.5 165) (layer F.Fab)
      (effects (font (size 1 1) (thickness 0.15)))
    )
    (fp_line (start -6.7 -7.25) (end 6.7 -7.25) (layer Eco1.User) (width 0.12))
    (fp_line (start 7 -6.95) (end 7 6.95) (layer Eco1.User) (width 0.12))
    (fp_line (start 6.7 7.25) (end -6.7 7.25) (layer Eco1.User) (width 0.12))
    (fp_line (start -7 6.95) (end -7 -6.95) (layer Eco1.User) (width 0.12))
    (fp_arc (start -6.7 -6.95) (end -6.7 -7.25) (angle -90) (layer Eco1.User) (width 0.12))
    (fp_arc (start -6.7 6.95) (end -7 6.95) (angle -90) (layer Eco1.User) (width 0.12))
    (fp_arc (start 6.7 6.95) (end 6.7 7.25) (angle -90) (layer Eco1.User) (width 0.12))
    (fp_arc (start 6.7 -6.95) (end 7 -6.95) (angle -90) (layer Eco1.User) (width 0.12))
    (fp_text user "w14, h14.5" (at -0.1 -5.35 165) (layer Eco2.User)
      (effects (font (size 1 1) (thickness 0.15)))
    )
  )

  (module miyajima:dobrock-platehole-mx-1u (layer F.Cu) (tedit 5F84601E) (tstamp 5F8A2355)
    (at 149.380578 61.866309 345)
    (fp_text reference u (at 0 0.5 165) (layer F.SilkS)
      (effects (font (size 1 1) (thickness 0.15)))
    )
    (fp_text value dobrock-platehole-mx-1u (at 0 -0.5 165) (layer F.Fab)
      (effects (font (size 1 1) (thickness 0.15)))
    )
    (fp_text user "w14, h14.5" (at -0.1 -5.35 165) (layer Eco2.User)
      (effects (font (size 1 1) (thickness 0.15)))
    )
    (fp_arc (start 6.7 -6.95) (end 7 -6.95) (angle -90) (layer Eco1.User) (width 0.12))
    (fp_arc (start 6.7 6.95) (end 6.7 7.25) (angle -90) (layer Eco1.User) (width 0.12))
    (fp_arc (start -6.7 6.95) (end -7 6.95) (angle -90) (layer Eco1.User) (width 0.12))
    (fp_arc (start -6.7 -6.95) (end -6.7 -7.25) (angle -90) (layer Eco1.User) (width 0.12))
    (fp_line (start -7 6.95) (end -7 -6.95) (layer Eco1.User) (width 0.12))
    (fp_line (start 6.7 7.25) (end -6.7 7.25) (layer Eco1.User) (width 0.12))
    (fp_line (start 7 -6.95) (end 7 6.95) (layer Eco1.User) (width 0.12))
    (fp_line (start -6.7 -7.25) (end 6.7 -7.25) (layer Eco1.User) (width 0.12))
  )

  (module miyajima:dobrock-platehole-mx-1u (layer F.Cu) (tedit 5F84601E) (tstamp 5F8A233D)
    (at 167.782898 66.800269 345)
    (fp_text reference u (at 0 0.5 165) (layer F.SilkS)
      (effects (font (size 1 1) (thickness 0.15)))
    )
    (fp_text value dobrock-platehole-mx-1u (at 0 -0.5 165) (layer F.Fab)
      (effects (font (size 1 1) (thickness 0.15)))
    )
    (fp_line (start -6.7 -7.25) (end 6.7 -7.25) (layer Eco1.User) (width 0.12))
    (fp_line (start 7 -6.95) (end 7 6.95) (layer Eco1.User) (width 0.12))
    (fp_line (start 6.7 7.25) (end -6.7 7.25) (layer Eco1.User) (width 0.12))
    (fp_line (start -7 6.95) (end -7 -6.95) (layer Eco1.User) (width 0.12))
    (fp_arc (start -6.7 -6.95) (end -6.7 -7.25) (angle -90) (layer Eco1.User) (width 0.12))
    (fp_arc (start -6.7 6.95) (end -7 6.95) (angle -90) (layer Eco1.User) (width 0.12))
    (fp_arc (start 6.7 6.95) (end 6.7 7.25) (angle -90) (layer Eco1.User) (width 0.12))
    (fp_arc (start 6.7 -6.95) (end 7 -6.95) (angle -90) (layer Eco1.User) (width 0.12))
    (fp_text user "w14, h14.5" (at -0.1 -5.35 165) (layer Eco2.User)
      (effects (font (size 1 1) (thickness 0.15)))
    )
  )

  (module miyajima:dobrock-platehole-mx-1u (layer F.Cu) (tedit 5F84601E) (tstamp 5F8A2325)
    (at 168.116268 47.164479 345)
    (fp_text reference u (at 0 0.5 165) (layer F.SilkS)
      (effects (font (size 1 1) (thickness 0.15)))
    )
    (fp_text value dobrock-platehole-mx-1u (at 0 -0.5 165) (layer F.Fab)
      (effects (font (size 1 1) (thickness 0.15)))
    )
    (fp_text user "w14, h14.5" (at -0.1 -5.35 165) (layer Eco2.User)
      (effects (font (size 1 1) (thickness 0.15)))
    )
    (fp_arc (start 6.7 -6.95) (end 7 -6.95) (angle -90) (layer Eco1.User) (width 0.12))
    (fp_arc (start 6.7 6.95) (end 6.7 7.25) (angle -90) (layer Eco1.User) (width 0.12))
    (fp_arc (start -6.7 6.95) (end -7 6.95) (angle -90) (layer Eco1.User) (width 0.12))
    (fp_arc (start -6.7 -6.95) (end -6.7 -7.25) (angle -90) (layer Eco1.User) (width 0.12))
    (fp_line (start -7 6.95) (end -7 -6.95) (layer Eco1.User) (width 0.12))
    (fp_line (start 6.7 7.25) (end -6.7 7.25) (layer Eco1.User) (width 0.12))
    (fp_line (start 7 -6.95) (end 7 6.95) (layer Eco1.User) (width 0.12))
    (fp_line (start -6.7 -7.25) (end 6.7 -7.25) (layer Eco1.User) (width 0.12))
  )

  (module miyajima:dobrock-platehole-mx-1u (layer F.Cu) (tedit 5F84601E) (tstamp 5F8A230D)
    (at 149.713948 42.230519 345)
    (fp_text reference u (at 0 0.5 165) (layer F.SilkS)
      (effects (font (size 1 1) (thickness 0.15)))
    )
    (fp_text value dobrock-platehole-mx-1u (at 0 -0.5 165) (layer F.Fab)
      (effects (font (size 1 1) (thickness 0.15)))
    )
    (fp_line (start -6.7 -7.25) (end 6.7 -7.25) (layer Eco1.User) (width 0.12))
    (fp_line (start 7 -6.95) (end 7 6.95) (layer Eco1.User) (width 0.12))
    (fp_line (start 6.7 7.25) (end -6.7 7.25) (layer Eco1.User) (width 0.12))
    (fp_line (start -7 6.95) (end -7 -6.95) (layer Eco1.User) (width 0.12))
    (fp_arc (start -6.7 -6.95) (end -6.7 -7.25) (angle -90) (layer Eco1.User) (width 0.12))
    (fp_arc (start -6.7 6.95) (end -7 6.95) (angle -90) (layer Eco1.User) (width 0.12))
    (fp_arc (start 6.7 6.95) (end 6.7 7.25) (angle -90) (layer Eco1.User) (width 0.12))
    (fp_arc (start 6.7 -6.95) (end 7 -6.95) (angle -90) (layer Eco1.User) (width 0.12))
    (fp_text user "w14, h14.5" (at -0.1 -5.35 165) (layer Eco2.User)
      (effects (font (size 1 1) (thickness 0.15)))
    )
  )

  (module miyajima:dobrock-platehole-mx-1u (layer F.Cu) (tedit 5F84601E) (tstamp 5F8A22F5)
    (at 131.311628 37.296559 345)
    (fp_text reference u (at 0 0.5 165) (layer F.SilkS)
      (effects (font (size 1 1) (thickness 0.15)))
    )
    (fp_text value dobrock-platehole-mx-1u (at 0 -0.5 165) (layer F.Fab)
      (effects (font (size 1 1) (thickness 0.15)))
    )
    (fp_text user "w14, h14.5" (at -0.1 -5.35 165) (layer Eco2.User)
      (effects (font (size 1 1) (thickness 0.15)))
    )
    (fp_arc (start 6.7 -6.95) (end 7 -6.95) (angle -90) (layer Eco1.User) (width 0.12))
    (fp_arc (start 6.7 6.95) (end 6.7 7.25) (angle -90) (layer Eco1.User) (width 0.12))
    (fp_arc (start -6.7 6.95) (end -7 6.95) (angle -90) (layer Eco1.User) (width 0.12))
    (fp_arc (start -6.7 -6.95) (end -6.7 -7.25) (angle -90) (layer Eco1.User) (width 0.12))
    (fp_line (start -7 6.95) (end -7 -6.95) (layer Eco1.User) (width 0.12))
    (fp_line (start 6.7 7.25) (end -6.7 7.25) (layer Eco1.User) (width 0.12))
    (fp_line (start 7 -6.95) (end 7 6.95) (layer Eco1.User) (width 0.12))
    (fp_line (start -6.7 -7.25) (end 6.7 -7.25) (layer Eco1.User) (width 0.12))
  )

  (module miyajima:dobrock-platehole-mx-1u (layer F.Cu) (tedit 5F84601E) (tstamp 5F8A22DD)
    (at 112.909308 32.362599 345)
    (fp_text reference u (at 0 0.5 165) (layer F.SilkS)
      (effects (font (size 1 1) (thickness 0.15)))
    )
    (fp_text value dobrock-platehole-mx-1u (at 0 -0.5 165) (layer F.Fab)
      (effects (font (size 1 1) (thickness 0.15)))
    )
    (fp_line (start -6.7 -7.25) (end 6.7 -7.25) (layer Eco1.User) (width 0.12))
    (fp_line (start 7 -6.95) (end 7 6.95) (layer Eco1.User) (width 0.12))
    (fp_line (start 6.7 7.25) (end -6.7 7.25) (layer Eco1.User) (width 0.12))
    (fp_line (start -7 6.95) (end -7 -6.95) (layer Eco1.User) (width 0.12))
    (fp_arc (start -6.7 -6.95) (end -6.7 -7.25) (angle -90) (layer Eco1.User) (width 0.12))
    (fp_arc (start -6.7 6.95) (end -7 6.95) (angle -90) (layer Eco1.User) (width 0.12))
    (fp_arc (start 6.7 6.95) (end 6.7 7.25) (angle -90) (layer Eco1.User) (width 0.12))
    (fp_arc (start 6.7 -6.95) (end 7 -6.95) (angle -90) (layer Eco1.User) (width 0.12))
    (fp_text user "w14, h14.5" (at -0.1 -5.35 165) (layer Eco2.User)
      (effects (font (size 1 1) (thickness 0.15)))
    )
  )

  (module miyajima:dobrock-platehole-mx-1u (layer F.Cu) (tedit 5F84601E) (tstamp 5F8A228A)
    (at 240.111882 49.538 15)
    (fp_text reference REF** (at 0 0.5 15) (layer F.SilkS)
      (effects (font (size 1 1) (thickness 0.15)))
    )
    (fp_text value dobrock-platehole-mx-1u (at 0 -0.5 15) (layer F.Fab)
      (effects (font (size 1 1) (thickness 0.15)))
    )
    (fp_text user "w14, h14.5" (at -0.1 -5.35 15) (layer Eco2.User)
      (effects (font (size 1 1) (thickness 0.15)))
    )
    (fp_arc (start 6.7 -6.95) (end 7 -6.95) (angle -90) (layer Eco1.User) (width 0.12))
    (fp_arc (start 6.7 6.95) (end 6.7 7.25) (angle -90) (layer Eco1.User) (width 0.12))
    (fp_arc (start -6.7 6.95) (end -7 6.95) (angle -90) (layer Eco1.User) (width 0.12))
    (fp_arc (start -6.7 -6.95) (end -6.7 -7.25) (angle -90) (layer Eco1.User) (width 0.12))
    (fp_line (start -7 6.95) (end -7 -6.95) (layer Eco1.User) (width 0.12))
    (fp_line (start 6.7 7.25) (end -6.7 7.25) (layer Eco1.User) (width 0.12))
    (fp_line (start 7 -6.95) (end 7 6.95) (layer Eco1.User) (width 0.12))
    (fp_line (start -6.7 -7.25) (end 6.7 -7.25) (layer Eco1.User) (width 0.12))
  )

  (module miyajima:dobrock-platehole-mx-1u (layer F.Cu) (tedit 5F84601E) (tstamp 5F8A2272)
    (at 258.514202 44.60405 15)
    (fp_text reference REF** (at 0 0.5 15) (layer F.SilkS)
      (effects (font (size 1 1) (thickness 0.15)))
    )
    (fp_text value dobrock-platehole-mx-1u (at 0 -0.5 15) (layer F.Fab)
      (effects (font (size 1 1) (thickness 0.15)))
    )
    (fp_line (start -6.7 -7.25) (end 6.7 -7.25) (layer Eco1.User) (width 0.12))
    (fp_line (start 7 -6.95) (end 7 6.95) (layer Eco1.User) (width 0.12))
    (fp_line (start 6.7 7.25) (end -6.7 7.25) (layer Eco1.User) (width 0.12))
    (fp_line (start -7 6.95) (end -7 -6.95) (layer Eco1.User) (width 0.12))
    (fp_arc (start -6.7 -6.95) (end -6.7 -7.25) (angle -90) (layer Eco1.User) (width 0.12))
    (fp_arc (start -6.7 6.95) (end -7 6.95) (angle -90) (layer Eco1.User) (width 0.12))
    (fp_arc (start 6.7 6.95) (end 6.7 7.25) (angle -90) (layer Eco1.User) (width 0.12))
    (fp_arc (start 6.7 -6.95) (end 7 -6.95) (angle -90) (layer Eco1.User) (width 0.12))
    (fp_text user "w14, h14.5" (at -0.1 -5.35 15) (layer Eco2.User)
      (effects (font (size 1 1) (thickness 0.15)))
    )
  )

  (module miyajima:dobrock-platehole-mx-1u (layer F.Cu) (tedit 5F84601E) (tstamp 5F8A225A)
    (at 276.916522 39.6701 15)
    (fp_text reference REF** (at 0 0.5 15) (layer F.SilkS)
      (effects (font (size 1 1) (thickness 0.15)))
    )
    (fp_text value dobrock-platehole-mx-1u (at 0 -0.5 15) (layer F.Fab)
      (effects (font (size 1 1) (thickness 0.15)))
    )
    (fp_text user "w14, h14.5" (at -0.1 -5.35 15) (layer Eco2.User)
      (effects (font (size 1 1) (thickness 0.15)))
    )
    (fp_arc (start 6.7 -6.95) (end 7 -6.95) (angle -90) (layer Eco1.User) (width 0.12))
    (fp_arc (start 6.7 6.95) (end 6.7 7.25) (angle -90) (layer Eco1.User) (width 0.12))
    (fp_arc (start -6.7 6.95) (end -7 6.95) (angle -90) (layer Eco1.User) (width 0.12))
    (fp_arc (start -6.7 -6.95) (end -6.7 -7.25) (angle -90) (layer Eco1.User) (width 0.12))
    (fp_line (start -7 6.95) (end -7 -6.95) (layer Eco1.User) (width 0.12))
    (fp_line (start 6.7 7.25) (end -6.7 7.25) (layer Eco1.User) (width 0.12))
    (fp_line (start 7 -6.95) (end 7 6.95) (layer Eco1.User) (width 0.12))
    (fp_line (start -6.7 -7.25) (end 6.7 -7.25) (layer Eco1.User) (width 0.12))
  )

  (module miyajima:dobrock-platehole-mx-1u (layer F.Cu) (tedit 5F84601E) (tstamp 5F8A2242)
    (at 295.318842 34.73615 15)
    (fp_text reference REF** (at 0 0.5 15) (layer F.SilkS)
      (effects (font (size 1 1) (thickness 0.15)))
    )
    (fp_text value dobrock-platehole-mx-1u (at 0 -0.5 15) (layer F.Fab)
      (effects (font (size 1 1) (thickness 0.15)))
    )
    (fp_line (start -6.7 -7.25) (end 6.7 -7.25) (layer Eco1.User) (width 0.12))
    (fp_line (start 7 -6.95) (end 7 6.95) (layer Eco1.User) (width 0.12))
    (fp_line (start 6.7 7.25) (end -6.7 7.25) (layer Eco1.User) (width 0.12))
    (fp_line (start -7 6.95) (end -7 -6.95) (layer Eco1.User) (width 0.12))
    (fp_arc (start -6.7 -6.95) (end -6.7 -7.25) (angle -90) (layer Eco1.User) (width 0.12))
    (fp_arc (start -6.7 6.95) (end -7 6.95) (angle -90) (layer Eco1.User) (width 0.12))
    (fp_arc (start 6.7 6.95) (end 6.7 7.25) (angle -90) (layer Eco1.User) (width 0.12))
    (fp_arc (start 6.7 -6.95) (end 7 -6.95) (angle -90) (layer Eco1.User) (width 0.12))
    (fp_text user "w14, h14.5" (at -0.1 -5.35 15) (layer Eco2.User)
      (effects (font (size 1 1) (thickness 0.15)))
    )
  )

  (module miyajima:dobrock-platehole-mx-1u (layer F.Cu) (tedit 5F84601E) (tstamp 5F8A222A)
    (at 304.853367 51.90493 15)
    (fp_text reference REF** (at 0 0.5 15) (layer F.SilkS)
      (effects (font (size 1 1) (thickness 0.15)))
    )
    (fp_text value dobrock-platehole-mx-1u (at 0 -0.5 15) (layer F.Fab)
      (effects (font (size 1 1) (thickness 0.15)))
    )
    (fp_text user "w14, h14.5" (at -0.1 -5.35 15) (layer Eco2.User)
      (effects (font (size 1 1) (thickness 0.15)))
    )
    (fp_arc (start 6.7 -6.95) (end 7 -6.95) (angle -90) (layer Eco1.User) (width 0.12))
    (fp_arc (start 6.7 6.95) (end 6.7 7.25) (angle -90) (layer Eco1.User) (width 0.12))
    (fp_arc (start -6.7 6.95) (end -7 6.95) (angle -90) (layer Eco1.User) (width 0.12))
    (fp_arc (start -6.7 -6.95) (end -6.7 -7.25) (angle -90) (layer Eco1.User) (width 0.12))
    (fp_line (start -7 6.95) (end -7 -6.95) (layer Eco1.User) (width 0.12))
    (fp_line (start 6.7 7.25) (end -6.7 7.25) (layer Eco1.User) (width 0.12))
    (fp_line (start 7 -6.95) (end 7 6.95) (layer Eco1.User) (width 0.12))
    (fp_line (start -6.7 -7.25) (end 6.7 -7.25) (layer Eco1.User) (width 0.12))
  )

  (module miyajima:dobrock-platehole-mx-1u (layer F.Cu) (tedit 5F84601E) (tstamp 5F8A21F3)
    (at 286.451047 56.83889 15)
    (fp_text reference REF** (at 0 0.5 15) (layer F.SilkS)
      (effects (font (size 1 1) (thickness 0.15)))
    )
